num_buns will always be between 1 and 9, and num_required will always be between 0 and 9 (both inclusive).

(num_buns, num_required)


(2, 1)
[
    [0],
    [0]
]

(2, 2)
[
    [0   ],
    [   1]
]

(2, [3 - 9]) Invalid


(3, 1)
[
    [0],
    [0],
    [0]
]

(3, 2)
# 0, 1, 2
[
    [0, 1   ],
    [0,    2],
    [   1, 2],
]

(3, 3)
[
    [0],
    [1],
    [2]
]

(3, [4 - 9]) Invalid


(4, 1)
[
    [0],
    [0],
    [0],
    [0]
]

(4, 2)
# 0, 1, 2, 3
[
    [0, 1, 2   ],
    [0, 1,    3],
    [0,    2, 3],
    [   1, 2, 3],
]

(4, 3)
# 0, 1, 2, | 3, 4, 5
[
    [0, 1, 2,          ],
    [0,         3, 4   ],
    [   1,      3,    5]
    [      2,      4, 5],
]

Enable rabbit 1 with "0, 1, 2", leave out "3, 4, 5" to other rabbits.
Use "3, 4, 5" to simulate (3, 2) in rabbit 2, rabbit 3, rabbit 4.


(4, 4)
[
    [0],
    [1],
    [2],
    [4]
]


(5, 1)
[
    [0],
    [0],
    [0],
    [0],
    [0]
]

(5, 2)
# 0, 1, 2, 3, 4
[
    [0, 1, 2, 3   ],
    [0, 1, 2,    4],
    [0, 1,    3, 4],
    [0,    2, 3, 4],
    [   1, 2, 3, 4],
]

(5, 3)
# 0, 1, 2, | 3, 4, 5, | 6, 7, 8, | 9
[
    [0, 1, 2,    3, 4, 5                ],
    [0, 1, 2,               6, 7, 8     ],
    [0,          3, 4,      6, 7,      9],
    [   1,       3,    5,   6,    8,   9],
    [      2,       4, 5,      7, 8,   9]
]
